Gamma: 0.0, t: 0
Optimal Profit
[0.08086377 0.43888643 2.40818899 7.72953339 8.0389725 ]
Myopic Profit
[0.08086377 0.43888643 2.40818899 7.72953339 8.0389725 ]
Increased Margin
[0. 0. 0. 0. 0.]
Optimal Price
[18.09364732 18.45926317 20.42480736 24.29715641 24.3824745 ]
Myopic Price
[18.09364732 18.45926317 20.42480736 24.29715641 24.3824745 ]
Discount
[0. 0. 0. 0. 0.]
98.1637102663517
0

Gamma: 0.0, t: 1
Optimal Profit
[0.07662314 0.41230857 2.23801295 7.53317809 8.10377808]
Myopic Profit
[0.07662314 0.41230857 2.23801295 7.53317809 8.10377808]
Increased Margin
[0. 0. 0. 0. 0.]
Optimal Price
[18.5939514  18.93015007 20.75470487 24.75142053 25.06528693]
Myopic Price
[18.5939514  18.93015007 20.75470487 24.75142053 25.06528693]
Discount
[0. 0. 0. 0. 0.]
195.9083829037845
0

Gamma: 0.0, t: 2
Optimal Profit
[0.07690866 0.41307037 2.2402219  7.57714733 8.13167559]
Myopic Profit
[0.07690866 0.41307037 2.2402219  7.57714733 8.13167559]
Increased Margin
[0. 0. 0. 0. 0.]
Optimal Price
[18.57111765 18.89747336 20.72529764 24.78366224 25.03645896]
Myopic Price
[18.57111765 18.89747336 20.72529764 24.78366224 25.03645896]
Discount
[0. 0. 0. 0. 0.]
293.48676186800003
0

Gamma: 0.0, t: 3
Optimal Profit
[0.08322213 0.44749175 2.39975312 7.60361426 7.990518  ]
Myopic Profit
[0.08322213 0.44749175 2.39975312 7.60361426 7.990518  ]
Increased Margin
[0. 0. 0. 0. 0.]
Optimal Price
[18.21110068 18.58110404 20.53545884 24.31656305 24.50402075]
Myopic Price
[18.21110068 18.58110404 20.53545884 24.31656305 24.50402075]
Discount
[0. 0. 0. 0. 0.]
391.11039777845144
0

Gamma: 0.0, t: 4
Optimal Profit
[0.07986786 0.43138594 2.3372     7.59072907 8.01861226]
Myopic Profit
[0.07986786 0.43138594 2.3372     7.59072907 8.01861226]
Increased Margin
[0. 0. 0. 0. 0.]
Optimal Price
[18.34183052 18.6956769  20.60004365 24.46744743 24.68291465]
Myopic Price
[18.34183052 18.6956769  20.60004365 24.46744743 24.68291465]
Discount
[0. 0. 0. 0. 0.]
488.83008628338575
0

206281 18.40734659 28.49903554 31.74096622]
Myopic Profit
[ 1.46188374  8.7344503  18.08462981 28.4946834  31.74096108]
Increased Margin
[5.30428465e+01 1.42838126e+01 1.78448100e+00 1.52735294e-02
 1.62050166e-05]
Optimal Price
[13.43806963 14.97375559 19.26060668 24.41909355 24.68107336]
Myopic Price
[18.34183052 18.6956769  20.60004365 24.46744743 24.68291465]
Discount
[2.67353953e+01 1.99079249e+01 6.50210740e+00 1.97625337e-01
 7.45979237e-03]
489.2660624757409
0

